{
 "cells": [
  {
   "cell_type": "code",
   "execution_count": 16,
   "id": "8f661e64",
   "metadata": {},
   "outputs": [
    {
     "name": "stdout",
     "output_type": "stream",
     "text": [
      "Requirement already satisfied: numpy in c:\\users\\andre\\itcs3162\\lib\\site-packages (1.22.1)\n",
      "Requirement already satisfied: pandas in c:\\users\\andre\\itcs3162\\lib\\site-packages (1.3.5)\n",
      "Requirement already satisfied: matplotlib in c:\\users\\andre\\itcs3162\\lib\\site-packages (3.5.1)\n",
      "Requirement already satisfied: seaborn in c:\\users\\andre\\itcs3162\\lib\\site-packages (0.11.2)\n",
      "Requirement already satisfied: python-dateutil>=2.7.3 in c:\\users\\andre\\itcs3162\\lib\\site-packages (from pandas) (2.8.2)\n",
      "Requirement already satisfied: pytz>=2017.3 in c:\\users\\andre\\itcs3162\\lib\\site-packages (from pandas) (2021.3)\n",
      "Requirement already satisfied: fonttools>=4.22.0 in c:\\users\\andre\\itcs3162\\lib\\site-packages (from matplotlib) (4.28.5)\n",
      "Requirement already satisfied: kiwisolver>=1.0.1 in c:\\users\\andre\\itcs3162\\lib\\site-packages (from matplotlib) (1.3.2)\n",
      "Requirement already satisfied: packaging>=20.0 in c:\\users\\andre\\itcs3162\\lib\\site-packages (from matplotlib) (21.3)\n",
      "Requirement already satisfied: pyparsing>=2.2.1 in c:\\users\\andre\\itcs3162\\lib\\site-packages (from matplotlib) (3.0.6)\n",
      "Requirement already satisfied: cycler>=0.10 in c:\\users\\andre\\itcs3162\\lib\\site-packages (from matplotlib) (0.11.0)\n",
      "Requirement already satisfied: pillow>=6.2.0 in c:\\users\\andre\\itcs3162\\lib\\site-packages (from matplotlib) (9.0.0)\n",
      "Requirement already satisfied: scipy>=1.0 in c:\\users\\andre\\itcs3162\\lib\\site-packages (from seaborn) (1.7.3)\n",
      "Requirement already satisfied: six>=1.5 in c:\\users\\andre\\itcs3162\\lib\\site-packages (from python-dateutil>=2.7.3->pandas) (1.16.0)\n"
     ]
    }
   ],
   "source": [
    "!pip install numpy pandas matplotlib seaborn"
   ]
  },
  {
   "cell_type": "code",
   "execution_count": null,
   "id": "f7f14ef3",
   "metadata": {},
   "outputs": [],
   "source": [
    "#Data source: https://www.kaggle.com/daverosenman/nba-finals-team-stats\n",
    "\n",
    "\n",
    "#The following are questions that will guide the project:\n",
    "\n",
    "#1. Does the home team win more often compared to the away team in the NBA finals games?\n",
    "\n",
    "#2. Does home court advantage lead to improvements in team statistics in comparison to the away team statistics? \n",
    "\n",
    "#3. Has the performance of the NBA finals teams at home changed over time? \n",
    "\n"
   ]
  },
  {
   "cell_type": "code",
   "execution_count": 17,
   "id": "132ff42e",
   "metadata": {},
   "outputs": [
    {
     "data": {
      "text/plain": [
       "Year    0\n",
       "Team    0\n",
       "Game    0\n",
       "Win     0\n",
       "Home    0\n",
       "MP      0\n",
       "FG      0\n",
       "FGA     0\n",
       "FGP     0\n",
       "TP      0\n",
       "TPA     0\n",
       "TPP     3\n",
       "FT      0\n",
       "FTA     0\n",
       "FTP     0\n",
       "ORB     0\n",
       "DRB     0\n",
       "TRB     0\n",
       "AST     0\n",
       "STL     0\n",
       "BLK     0\n",
       "TOV     0\n",
       "PF      0\n",
       "PTS     0\n",
       "dtype: int64"
      ]
     },
     "execution_count": 17,
     "metadata": {},
     "output_type": "execute_result"
    }
   ],
   "source": [
    "import pandas as pd\n",
    "import seaborn as sns\n",
    "import matplotlib.pyplot as plt \n",
    "\n",
    "#import each dataset\n",
    "nbaChampion = pd.read_csv (r'C:\\Users\\andre\\Downloads\\NBA Finals Data\\championsdata.csv')\n",
    "\n",
    "nbaRunnerUp = pd.read_csv (r'C:\\Users\\andre\\Downloads\\NBA Finals Data\\runnerupsdata.csv')\n",
    "\n",
    "#first lets take a look at the champion data\n",
    "nbaChampion\n",
    "\n",
    "#examine the columns and the data types\n",
    "nbaChampion.dtypes\n",
    "\n",
    "#check for null value\n",
    "nbaChampion.isna().sum()\n",
    "\n",
    "#Now lets take a look at the runner up data\n",
    "nbaRunnerUp\n",
    "\n",
    "#examine the columns and the data types\n",
    "nbaRunnerUp.dtypes\n",
    "\n",
    "#check for null value\n",
    "nbaRunnerUp.isna().sum()"
   ]
  },
  {
   "cell_type": "code",
   "execution_count": 18,
   "id": "722ffcae",
   "metadata": {},
   "outputs": [
    {
     "name": "stdout",
     "output_type": "stream",
     "text": [
      "(220, 24)\n",
      "(220, 24)\n"
     ]
    }
   ],
   "source": [
    "#To get rid of NA values, we will change the three point percentage to 0\n",
    "nbaChampion['TPP'] = nbaChampion['TPP'].fillna(0)\n",
    "nbaChampion.isna().sum()\n",
    "\n",
    "#Make sure NA values changed to 0\n",
    "checkNull = nbaChampion[nbaChampion['TPA'] == 0]\n",
    "checkNull[['TPA', 'TPP']]\n",
    "\n",
    "#Now the same for the runner up data \n",
    "nbaRunnerUp['TPP'] = nbaRunnerUp['TPP'].fillna(0)\n",
    "nbaRunnerUp.isna().sum()\n",
    "\n",
    "#Make sure NA values changed to 0\n",
    "checkNull = nbaRunnerUp[nbaRunnerUp['TPA'] == 0]\n",
    "checkNull[['TPA', 'TPP']]\n",
    "\n",
    "print(nbaChampion.shape)\n",
    "print(nbaRunnerUp.shape)"
   ]
  },
  {
   "cell_type": "code",
   "execution_count": 19,
   "id": "cfbe51a1",
   "metadata": {},
   "outputs": [
    {
     "data": {
      "text/html": [
       "<div>\n",
       "<style scoped>\n",
       "    .dataframe tbody tr th:only-of-type {\n",
       "        vertical-align: middle;\n",
       "    }\n",
       "\n",
       "    .dataframe tbody tr th {\n",
       "        vertical-align: top;\n",
       "    }\n",
       "\n",
       "    .dataframe thead th {\n",
       "        text-align: right;\n",
       "    }\n",
       "</style>\n",
       "<table border=\"1\" class=\"dataframe\">\n",
       "  <thead>\n",
       "    <tr style=\"text-align: right;\">\n",
       "      <th></th>\n",
       "      <th>Year</th>\n",
       "      <th>Game</th>\n",
       "      <th>Win</th>\n",
       "      <th>Home</th>\n",
       "      <th>MP</th>\n",
       "      <th>FG</th>\n",
       "      <th>FGA</th>\n",
       "      <th>FGP</th>\n",
       "      <th>TP</th>\n",
       "      <th>TPA</th>\n",
       "      <th>...</th>\n",
       "      <th>FTP</th>\n",
       "      <th>ORB</th>\n",
       "      <th>DRB</th>\n",
       "      <th>TRB</th>\n",
       "      <th>AST</th>\n",
       "      <th>STL</th>\n",
       "      <th>BLK</th>\n",
       "      <th>TOV</th>\n",
       "      <th>PF</th>\n",
       "      <th>PTS</th>\n",
       "    </tr>\n",
       "  </thead>\n",
       "  <tbody>\n",
       "    <tr>\n",
       "      <th>Year</th>\n",
       "      <td>1.000000</td>\n",
       "      <td>-0.013034</td>\n",
       "      <td>0.018865</td>\n",
       "      <td>0.017833</td>\n",
       "      <td>0.038076</td>\n",
       "      <td>-0.384162</td>\n",
       "      <td>-0.351961</td>\n",
       "      <td>-0.189437</td>\n",
       "      <td>0.765864</td>\n",
       "      <td>0.826494</td>\n",
       "      <td>...</td>\n",
       "      <td>0.013352</td>\n",
       "      <td>-0.375680</td>\n",
       "      <td>0.141763</td>\n",
       "      <td>-0.162384</td>\n",
       "      <td>-0.366905</td>\n",
       "      <td>-0.120682</td>\n",
       "      <td>-0.060679</td>\n",
       "      <td>-0.295238</td>\n",
       "      <td>-0.246790</td>\n",
       "      <td>-0.210735</td>\n",
       "    </tr>\n",
       "    <tr>\n",
       "      <th>Game</th>\n",
       "      <td>-0.013034</td>\n",
       "      <td>1.000000</td>\n",
       "      <td>0.096004</td>\n",
       "      <td>-0.154457</td>\n",
       "      <td>-0.112216</td>\n",
       "      <td>-0.105332</td>\n",
       "      <td>-0.082260</td>\n",
       "      <td>-0.062538</td>\n",
       "      <td>0.039666</td>\n",
       "      <td>0.025935</td>\n",
       "      <td>...</td>\n",
       "      <td>-0.004889</td>\n",
       "      <td>0.018762</td>\n",
       "      <td>-0.053816</td>\n",
       "      <td>-0.027145</td>\n",
       "      <td>-0.126379</td>\n",
       "      <td>-0.006437</td>\n",
       "      <td>-0.133452</td>\n",
       "      <td>-0.020670</td>\n",
       "      <td>0.124912</td>\n",
       "      <td>-0.039981</td>\n",
       "    </tr>\n",
       "    <tr>\n",
       "      <th>Win</th>\n",
       "      <td>0.018865</td>\n",
       "      <td>0.096004</td>\n",
       "      <td>1.000000</td>\n",
       "      <td>0.226008</td>\n",
       "      <td>-0.115526</td>\n",
       "      <td>0.242698</td>\n",
       "      <td>-0.070503</td>\n",
       "      <td>0.418776</td>\n",
       "      <td>0.036517</td>\n",
       "      <td>-0.085514</td>\n",
       "      <td>...</td>\n",
       "      <td>0.207009</td>\n",
       "      <td>-0.091179</td>\n",
       "      <td>0.401033</td>\n",
       "      <td>0.237150</td>\n",
       "      <td>0.208196</td>\n",
       "      <td>0.131785</td>\n",
       "      <td>0.092909</td>\n",
       "      <td>-0.224392</td>\n",
       "      <td>-0.146904</td>\n",
       "      <td>0.395008</td>\n",
       "    </tr>\n",
       "    <tr>\n",
       "      <th>Home</th>\n",
       "      <td>0.017833</td>\n",
       "      <td>-0.154457</td>\n",
       "      <td>0.226008</td>\n",
       "      <td>1.000000</td>\n",
       "      <td>0.064854</td>\n",
       "      <td>0.148059</td>\n",
       "      <td>0.080108</td>\n",
       "      <td>0.122578</td>\n",
       "      <td>0.028553</td>\n",
       "      <td>0.026015</td>\n",
       "      <td>...</td>\n",
       "      <td>0.024942</td>\n",
       "      <td>0.045662</td>\n",
       "      <td>0.302585</td>\n",
       "      <td>0.260986</td>\n",
       "      <td>0.234745</td>\n",
       "      <td>0.022109</td>\n",
       "      <td>0.102567</td>\n",
       "      <td>-0.058148</td>\n",
       "      <td>-0.148750</td>\n",
       "      <td>0.192108</td>\n",
       "    </tr>\n",
       "    <tr>\n",
       "      <th>MP</th>\n",
       "      <td>0.038076</td>\n",
       "      <td>-0.112216</td>\n",
       "      <td>-0.115526</td>\n",
       "      <td>0.064854</td>\n",
       "      <td>1.000000</td>\n",
       "      <td>0.182213</td>\n",
       "      <td>0.377379</td>\n",
       "      <td>-0.094893</td>\n",
       "      <td>0.072193</td>\n",
       "      <td>0.067871</td>\n",
       "      <td>...</td>\n",
       "      <td>0.006539</td>\n",
       "      <td>0.159941</td>\n",
       "      <td>0.004993</td>\n",
       "      <td>0.118427</td>\n",
       "      <td>0.055988</td>\n",
       "      <td>0.073683</td>\n",
       "      <td>0.020606</td>\n",
       "      <td>0.028306</td>\n",
       "      <td>0.160658</td>\n",
       "      <td>0.156821</td>\n",
       "    </tr>\n",
       "    <tr>\n",
       "      <th>FG</th>\n",
       "      <td>-0.384162</td>\n",
       "      <td>-0.105332</td>\n",
       "      <td>0.242698</td>\n",
       "      <td>0.148059</td>\n",
       "      <td>0.182213</td>\n",
       "      <td>1.000000</td>\n",
       "      <td>0.717653</td>\n",
       "      <td>0.716452</td>\n",
       "      <td>-0.161134</td>\n",
       "      <td>-0.301150</td>\n",
       "      <td>...</td>\n",
       "      <td>0.067563</td>\n",
       "      <td>0.214147</td>\n",
       "      <td>0.097367</td>\n",
       "      <td>0.226968</td>\n",
       "      <td>0.726910</td>\n",
       "      <td>0.260889</td>\n",
       "      <td>0.115427</td>\n",
       "      <td>0.033195</td>\n",
       "      <td>0.276572</td>\n",
       "      <td>0.844687</td>\n",
       "    </tr>\n",
       "    <tr>\n",
       "      <th>FGA</th>\n",
       "      <td>-0.351961</td>\n",
       "      <td>-0.082260</td>\n",
       "      <td>-0.070503</td>\n",
       "      <td>0.080108</td>\n",
       "      <td>0.377379</td>\n",
       "      <td>0.717653</td>\n",
       "      <td>1.000000</td>\n",
       "      <td>0.034344</td>\n",
       "      <td>-0.183846</td>\n",
       "      <td>-0.191084</td>\n",
       "      <td>...</td>\n",
       "      <td>0.057074</td>\n",
       "      <td>0.600364</td>\n",
       "      <td>0.068712</td>\n",
       "      <td>0.482227</td>\n",
       "      <td>0.469553</td>\n",
       "      <td>0.264415</td>\n",
       "      <td>0.094237</td>\n",
       "      <td>0.013656</td>\n",
       "      <td>0.335417</td>\n",
       "      <td>0.552078</td>\n",
       "    </tr>\n",
       "    <tr>\n",
       "      <th>FGP</th>\n",
       "      <td>-0.189437</td>\n",
       "      <td>-0.062538</td>\n",
       "      <td>0.418776</td>\n",
       "      <td>0.122578</td>\n",
       "      <td>-0.094893</td>\n",
       "      <td>0.716452</td>\n",
       "      <td>0.034344</td>\n",
       "      <td>1.000000</td>\n",
       "      <td>-0.034193</td>\n",
       "      <td>-0.232673</td>\n",
       "      <td>...</td>\n",
       "      <td>0.044093</td>\n",
       "      <td>-0.289214</td>\n",
       "      <td>0.063192</td>\n",
       "      <td>-0.159667</td>\n",
       "      <td>0.567209</td>\n",
       "      <td>0.115858</td>\n",
       "      <td>0.062885</td>\n",
       "      <td>0.032326</td>\n",
       "      <td>0.070499</td>\n",
       "      <td>0.664525</td>\n",
       "    </tr>\n",
       "    <tr>\n",
       "      <th>TP</th>\n",
       "      <td>0.765864</td>\n",
       "      <td>0.039666</td>\n",
       "      <td>0.036517</td>\n",
       "      <td>0.028553</td>\n",
       "      <td>0.072193</td>\n",
       "      <td>-0.161134</td>\n",
       "      <td>-0.183846</td>\n",
       "      <td>-0.034193</td>\n",
       "      <td>1.000000</td>\n",
       "      <td>0.888239</td>\n",
       "      <td>...</td>\n",
       "      <td>-0.001108</td>\n",
       "      <td>-0.363377</td>\n",
       "      <td>0.068601</td>\n",
       "      <td>-0.208753</td>\n",
       "      <td>-0.058553</td>\n",
       "      <td>-0.080939</td>\n",
       "      <td>-0.088313</td>\n",
       "      <td>-0.278003</td>\n",
       "      <td>-0.157905</td>\n",
       "      <td>0.066088</td>\n",
       "    </tr>\n",
       "    <tr>\n",
       "      <th>TPA</th>\n",
       "      <td>0.826494</td>\n",
       "      <td>0.025935</td>\n",
       "      <td>-0.085514</td>\n",
       "      <td>0.026015</td>\n",
       "      <td>0.067871</td>\n",
       "      <td>-0.301150</td>\n",
       "      <td>-0.191084</td>\n",
       "      <td>-0.232673</td>\n",
       "      <td>0.888239</td>\n",
       "      <td>1.000000</td>\n",
       "      <td>...</td>\n",
       "      <td>0.003024</td>\n",
       "      <td>-0.300144</td>\n",
       "      <td>0.066792</td>\n",
       "      <td>-0.164787</td>\n",
       "      <td>-0.212537</td>\n",
       "      <td>-0.108574</td>\n",
       "      <td>-0.093788</td>\n",
       "      <td>-0.286712</td>\n",
       "      <td>-0.154606</td>\n",
       "      <td>-0.111820</td>\n",
       "    </tr>\n",
       "    <tr>\n",
       "      <th>TPP</th>\n",
       "      <td>0.338288</td>\n",
       "      <td>0.008138</td>\n",
       "      <td>0.151001</td>\n",
       "      <td>-0.043364</td>\n",
       "      <td>0.065053</td>\n",
       "      <td>-0.029313</td>\n",
       "      <td>-0.174333</td>\n",
       "      <td>0.140923</td>\n",
       "      <td>0.568104</td>\n",
       "      <td>0.296234</td>\n",
       "      <td>...</td>\n",
       "      <td>-0.080900</td>\n",
       "      <td>-0.316923</td>\n",
       "      <td>-0.042740</td>\n",
       "      <td>-0.259440</td>\n",
       "      <td>0.005497</td>\n",
       "      <td>-0.033432</td>\n",
       "      <td>-0.063069</td>\n",
       "      <td>-0.253492</td>\n",
       "      <td>-0.004467</td>\n",
       "      <td>0.120827</td>\n",
       "    </tr>\n",
       "    <tr>\n",
       "      <th>FT</th>\n",
       "      <td>-0.153893</td>\n",
       "      <td>0.094854</td>\n",
       "      <td>0.302860</td>\n",
       "      <td>0.084531</td>\n",
       "      <td>-0.075286</td>\n",
       "      <td>-0.111213</td>\n",
       "      <td>-0.145832</td>\n",
       "      <td>-0.011131</td>\n",
       "      <td>-0.165704</td>\n",
       "      <td>-0.187500</td>\n",
       "      <td>...</td>\n",
       "      <td>0.360366</td>\n",
       "      <td>0.041586</td>\n",
       "      <td>0.083648</td>\n",
       "      <td>0.092912</td>\n",
       "      <td>0.013531</td>\n",
       "      <td>0.052604</td>\n",
       "      <td>0.006316</td>\n",
       "      <td>-0.068955</td>\n",
       "      <td>0.157032</td>\n",
       "      <td>0.350687</td>\n",
       "    </tr>\n",
       "    <tr>\n",
       "      <th>FTA</th>\n",
       "      <td>-0.156791</td>\n",
       "      <td>0.092199</td>\n",
       "      <td>0.256869</td>\n",
       "      <td>0.091251</td>\n",
       "      <td>-0.080509</td>\n",
       "      <td>-0.146336</td>\n",
       "      <td>-0.192999</td>\n",
       "      <td>-0.017011</td>\n",
       "      <td>-0.172560</td>\n",
       "      <td>-0.197295</td>\n",
       "      <td>...</td>\n",
       "      <td>-0.022774</td>\n",
       "      <td>0.063172</td>\n",
       "      <td>0.072748</td>\n",
       "      <td>0.100164</td>\n",
       "      <td>-0.005847</td>\n",
       "      <td>0.029505</td>\n",
       "      <td>-0.017491</td>\n",
       "      <td>-0.034781</td>\n",
       "      <td>0.177729</td>\n",
       "      <td>0.272145</td>\n",
       "    </tr>\n",
       "    <tr>\n",
       "      <th>FTP</th>\n",
       "      <td>0.013352</td>\n",
       "      <td>-0.004889</td>\n",
       "      <td>0.207009</td>\n",
       "      <td>0.024942</td>\n",
       "      <td>0.006539</td>\n",
       "      <td>0.067563</td>\n",
       "      <td>0.057074</td>\n",
       "      <td>0.044093</td>\n",
       "      <td>-0.001108</td>\n",
       "      <td>0.003024</td>\n",
       "      <td>...</td>\n",
       "      <td>1.000000</td>\n",
       "      <td>-0.077716</td>\n",
       "      <td>0.064430</td>\n",
       "      <td>-0.007112</td>\n",
       "      <td>0.053833</td>\n",
       "      <td>0.035903</td>\n",
       "      <td>0.076228</td>\n",
       "      <td>-0.117516</td>\n",
       "      <td>-0.047526</td>\n",
       "      <td>0.246381</td>\n",
       "    </tr>\n",
       "    <tr>\n",
       "      <th>ORB</th>\n",
       "      <td>-0.375680</td>\n",
       "      <td>0.018762</td>\n",
       "      <td>-0.091179</td>\n",
       "      <td>0.045662</td>\n",
       "      <td>0.159941</td>\n",
       "      <td>0.214147</td>\n",
       "      <td>0.600364</td>\n",
       "      <td>-0.289214</td>\n",
       "      <td>-0.363377</td>\n",
       "      <td>-0.300144</td>\n",
       "      <td>...</td>\n",
       "      <td>-0.077716</td>\n",
       "      <td>1.000000</td>\n",
       "      <td>-0.076704</td>\n",
       "      <td>0.659030</td>\n",
       "      <td>0.084287</td>\n",
       "      <td>0.147484</td>\n",
       "      <td>0.070145</td>\n",
       "      <td>0.297691</td>\n",
       "      <td>0.190207</td>\n",
       "      <td>0.114342</td>\n",
       "    </tr>\n",
       "    <tr>\n",
       "      <th>DRB</th>\n",
       "      <td>0.141763</td>\n",
       "      <td>-0.053816</td>\n",
       "      <td>0.401033</td>\n",
       "      <td>0.302585</td>\n",
       "      <td>0.004993</td>\n",
       "      <td>0.097367</td>\n",
       "      <td>0.068712</td>\n",
       "      <td>0.063192</td>\n",
       "      <td>0.068601</td>\n",
       "      <td>0.066792</td>\n",
       "      <td>...</td>\n",
       "      <td>0.064430</td>\n",
       "      <td>-0.076704</td>\n",
       "      <td>1.000000</td>\n",
       "      <td>0.699351</td>\n",
       "      <td>0.123439</td>\n",
       "      <td>-0.010374</td>\n",
       "      <td>0.298695</td>\n",
       "      <td>0.069657</td>\n",
       "      <td>-0.182402</td>\n",
       "      <td>0.155648</td>\n",
       "    </tr>\n",
       "    <tr>\n",
       "      <th>TRB</th>\n",
       "      <td>-0.162384</td>\n",
       "      <td>-0.027145</td>\n",
       "      <td>0.237150</td>\n",
       "      <td>0.260986</td>\n",
       "      <td>0.118427</td>\n",
       "      <td>0.226968</td>\n",
       "      <td>0.482227</td>\n",
       "      <td>-0.159667</td>\n",
       "      <td>-0.208753</td>\n",
       "      <td>-0.164787</td>\n",
       "      <td>...</td>\n",
       "      <td>-0.007112</td>\n",
       "      <td>0.659030</td>\n",
       "      <td>0.699351</td>\n",
       "      <td>1.000000</td>\n",
       "      <td>0.153539</td>\n",
       "      <td>0.097904</td>\n",
       "      <td>0.275604</td>\n",
       "      <td>0.265956</td>\n",
       "      <td>-0.001236</td>\n",
       "      <td>0.199382</td>\n",
       "    </tr>\n",
       "    <tr>\n",
       "      <th>AST</th>\n",
       "      <td>-0.366905</td>\n",
       "      <td>-0.126379</td>\n",
       "      <td>0.208196</td>\n",
       "      <td>0.234745</td>\n",
       "      <td>0.055988</td>\n",
       "      <td>0.726910</td>\n",
       "      <td>0.469553</td>\n",
       "      <td>0.567209</td>\n",
       "      <td>-0.058553</td>\n",
       "      <td>-0.212537</td>\n",
       "      <td>...</td>\n",
       "      <td>0.053833</td>\n",
       "      <td>0.084287</td>\n",
       "      <td>0.123439</td>\n",
       "      <td>0.153539</td>\n",
       "      <td>1.000000</td>\n",
       "      <td>0.263729</td>\n",
       "      <td>0.136605</td>\n",
       "      <td>0.043129</td>\n",
       "      <td>0.140289</td>\n",
       "      <td>0.679569</td>\n",
       "    </tr>\n",
       "    <tr>\n",
       "      <th>STL</th>\n",
       "      <td>-0.120682</td>\n",
       "      <td>-0.006437</td>\n",
       "      <td>0.131785</td>\n",
       "      <td>0.022109</td>\n",
       "      <td>0.073683</td>\n",
       "      <td>0.260889</td>\n",
       "      <td>0.264415</td>\n",
       "      <td>0.115858</td>\n",
       "      <td>-0.080939</td>\n",
       "      <td>-0.108574</td>\n",
       "      <td>...</td>\n",
       "      <td>0.035903</td>\n",
       "      <td>0.147484</td>\n",
       "      <td>-0.010374</td>\n",
       "      <td>0.097904</td>\n",
       "      <td>0.263729</td>\n",
       "      <td>1.000000</td>\n",
       "      <td>-0.022209</td>\n",
       "      <td>0.105192</td>\n",
       "      <td>0.040965</td>\n",
       "      <td>0.249922</td>\n",
       "    </tr>\n",
       "    <tr>\n",
       "      <th>BLK</th>\n",
       "      <td>-0.060679</td>\n",
       "      <td>-0.133452</td>\n",
       "      <td>0.092909</td>\n",
       "      <td>0.102567</td>\n",
       "      <td>0.020606</td>\n",
       "      <td>0.115427</td>\n",
       "      <td>0.094237</td>\n",
       "      <td>0.062885</td>\n",
       "      <td>-0.088313</td>\n",
       "      <td>-0.093788</td>\n",
       "      <td>...</td>\n",
       "      <td>0.076228</td>\n",
       "      <td>0.070145</td>\n",
       "      <td>0.298695</td>\n",
       "      <td>0.275604</td>\n",
       "      <td>0.136605</td>\n",
       "      <td>-0.022209</td>\n",
       "      <td>1.000000</td>\n",
       "      <td>0.137376</td>\n",
       "      <td>0.018482</td>\n",
       "      <td>0.086073</td>\n",
       "    </tr>\n",
       "    <tr>\n",
       "      <th>TOV</th>\n",
       "      <td>-0.295238</td>\n",
       "      <td>-0.020670</td>\n",
       "      <td>-0.224392</td>\n",
       "      <td>-0.058148</td>\n",
       "      <td>0.028306</td>\n",
       "      <td>0.033195</td>\n",
       "      <td>0.013656</td>\n",
       "      <td>0.032326</td>\n",
       "      <td>-0.278003</td>\n",
       "      <td>-0.286712</td>\n",
       "      <td>...</td>\n",
       "      <td>-0.117516</td>\n",
       "      <td>0.297691</td>\n",
       "      <td>0.069657</td>\n",
       "      <td>0.265956</td>\n",
       "      <td>0.043129</td>\n",
       "      <td>0.105192</td>\n",
       "      <td>0.137376</td>\n",
       "      <td>1.000000</td>\n",
       "      <td>0.092530</td>\n",
       "      <td>-0.087655</td>\n",
       "    </tr>\n",
       "    <tr>\n",
       "      <th>PF</th>\n",
       "      <td>-0.246790</td>\n",
       "      <td>0.124912</td>\n",
       "      <td>-0.146904</td>\n",
       "      <td>-0.148750</td>\n",
       "      <td>0.160658</td>\n",
       "      <td>0.276572</td>\n",
       "      <td>0.335417</td>\n",
       "      <td>0.070499</td>\n",
       "      <td>-0.157905</td>\n",
       "      <td>-0.154606</td>\n",
       "      <td>...</td>\n",
       "      <td>-0.047526</td>\n",
       "      <td>0.190207</td>\n",
       "      <td>-0.182402</td>\n",
       "      <td>-0.001236</td>\n",
       "      <td>0.140289</td>\n",
       "      <td>0.040965</td>\n",
       "      <td>0.018482</td>\n",
       "      <td>0.092530</td>\n",
       "      <td>1.000000</td>\n",
       "      <td>0.294390</td>\n",
       "    </tr>\n",
       "    <tr>\n",
       "      <th>PTS</th>\n",
       "      <td>-0.210735</td>\n",
       "      <td>-0.039981</td>\n",
       "      <td>0.395008</td>\n",
       "      <td>0.192108</td>\n",
       "      <td>0.156821</td>\n",
       "      <td>0.844687</td>\n",
       "      <td>0.552078</td>\n",
       "      <td>0.664525</td>\n",
       "      <td>0.066088</td>\n",
       "      <td>-0.111820</td>\n",
       "      <td>...</td>\n",
       "      <td>0.246381</td>\n",
       "      <td>0.114342</td>\n",
       "      <td>0.155648</td>\n",
       "      <td>0.199382</td>\n",
       "      <td>0.679569</td>\n",
       "      <td>0.249922</td>\n",
       "      <td>0.086073</td>\n",
       "      <td>-0.087655</td>\n",
       "      <td>0.294390</td>\n",
       "      <td>1.000000</td>\n",
       "    </tr>\n",
       "  </tbody>\n",
       "</table>\n",
       "<p>23 rows × 23 columns</p>\n",
       "</div>"
      ],
      "text/plain": [
       "          Year      Game       Win      Home        MP        FG       FGA  \\\n",
       "Year  1.000000 -0.013034  0.018865  0.017833  0.038076 -0.384162 -0.351961   \n",
       "Game -0.013034  1.000000  0.096004 -0.154457 -0.112216 -0.105332 -0.082260   \n",
       "Win   0.018865  0.096004  1.000000  0.226008 -0.115526  0.242698 -0.070503   \n",
       "Home  0.017833 -0.154457  0.226008  1.000000  0.064854  0.148059  0.080108   \n",
       "MP    0.038076 -0.112216 -0.115526  0.064854  1.000000  0.182213  0.377379   \n",
       "FG   -0.384162 -0.105332  0.242698  0.148059  0.182213  1.000000  0.717653   \n",
       "FGA  -0.351961 -0.082260 -0.070503  0.080108  0.377379  0.717653  1.000000   \n",
       "FGP  -0.189437 -0.062538  0.418776  0.122578 -0.094893  0.716452  0.034344   \n",
       "TP    0.765864  0.039666  0.036517  0.028553  0.072193 -0.161134 -0.183846   \n",
       "TPA   0.826494  0.025935 -0.085514  0.026015  0.067871 -0.301150 -0.191084   \n",
       "TPP   0.338288  0.008138  0.151001 -0.043364  0.065053 -0.029313 -0.174333   \n",
       "FT   -0.153893  0.094854  0.302860  0.084531 -0.075286 -0.111213 -0.145832   \n",
       "FTA  -0.156791  0.092199  0.256869  0.091251 -0.080509 -0.146336 -0.192999   \n",
       "FTP   0.013352 -0.004889  0.207009  0.024942  0.006539  0.067563  0.057074   \n",
       "ORB  -0.375680  0.018762 -0.091179  0.045662  0.159941  0.214147  0.600364   \n",
       "DRB   0.141763 -0.053816  0.401033  0.302585  0.004993  0.097367  0.068712   \n",
       "TRB  -0.162384 -0.027145  0.237150  0.260986  0.118427  0.226968  0.482227   \n",
       "AST  -0.366905 -0.126379  0.208196  0.234745  0.055988  0.726910  0.469553   \n",
       "STL  -0.120682 -0.006437  0.131785  0.022109  0.073683  0.260889  0.264415   \n",
       "BLK  -0.060679 -0.133452  0.092909  0.102567  0.020606  0.115427  0.094237   \n",
       "TOV  -0.295238 -0.020670 -0.224392 -0.058148  0.028306  0.033195  0.013656   \n",
       "PF   -0.246790  0.124912 -0.146904 -0.148750  0.160658  0.276572  0.335417   \n",
       "PTS  -0.210735 -0.039981  0.395008  0.192108  0.156821  0.844687  0.552078   \n",
       "\n",
       "           FGP        TP       TPA  ...       FTP       ORB       DRB  \\\n",
       "Year -0.189437  0.765864  0.826494  ...  0.013352 -0.375680  0.141763   \n",
       "Game -0.062538  0.039666  0.025935  ... -0.004889  0.018762 -0.053816   \n",
       "Win   0.418776  0.036517 -0.085514  ...  0.207009 -0.091179  0.401033   \n",
       "Home  0.122578  0.028553  0.026015  ...  0.024942  0.045662  0.302585   \n",
       "MP   -0.094893  0.072193  0.067871  ...  0.006539  0.159941  0.004993   \n",
       "FG    0.716452 -0.161134 -0.301150  ...  0.067563  0.214147  0.097367   \n",
       "FGA   0.034344 -0.183846 -0.191084  ...  0.057074  0.600364  0.068712   \n",
       "FGP   1.000000 -0.034193 -0.232673  ...  0.044093 -0.289214  0.063192   \n",
       "TP   -0.034193  1.000000  0.888239  ... -0.001108 -0.363377  0.068601   \n",
       "TPA  -0.232673  0.888239  1.000000  ...  0.003024 -0.300144  0.066792   \n",
       "TPP   0.140923  0.568104  0.296234  ... -0.080900 -0.316923 -0.042740   \n",
       "FT   -0.011131 -0.165704 -0.187500  ...  0.360366  0.041586  0.083648   \n",
       "FTA  -0.017011 -0.172560 -0.197295  ... -0.022774  0.063172  0.072748   \n",
       "FTP   0.044093 -0.001108  0.003024  ...  1.000000 -0.077716  0.064430   \n",
       "ORB  -0.289214 -0.363377 -0.300144  ... -0.077716  1.000000 -0.076704   \n",
       "DRB   0.063192  0.068601  0.066792  ...  0.064430 -0.076704  1.000000   \n",
       "TRB  -0.159667 -0.208753 -0.164787  ... -0.007112  0.659030  0.699351   \n",
       "AST   0.567209 -0.058553 -0.212537  ...  0.053833  0.084287  0.123439   \n",
       "STL   0.115858 -0.080939 -0.108574  ...  0.035903  0.147484 -0.010374   \n",
       "BLK   0.062885 -0.088313 -0.093788  ...  0.076228  0.070145  0.298695   \n",
       "TOV   0.032326 -0.278003 -0.286712  ... -0.117516  0.297691  0.069657   \n",
       "PF    0.070499 -0.157905 -0.154606  ... -0.047526  0.190207 -0.182402   \n",
       "PTS   0.664525  0.066088 -0.111820  ...  0.246381  0.114342  0.155648   \n",
       "\n",
       "           TRB       AST       STL       BLK       TOV        PF       PTS  \n",
       "Year -0.162384 -0.366905 -0.120682 -0.060679 -0.295238 -0.246790 -0.210735  \n",
       "Game -0.027145 -0.126379 -0.006437 -0.133452 -0.020670  0.124912 -0.039981  \n",
       "Win   0.237150  0.208196  0.131785  0.092909 -0.224392 -0.146904  0.395008  \n",
       "Home  0.260986  0.234745  0.022109  0.102567 -0.058148 -0.148750  0.192108  \n",
       "MP    0.118427  0.055988  0.073683  0.020606  0.028306  0.160658  0.156821  \n",
       "FG    0.226968  0.726910  0.260889  0.115427  0.033195  0.276572  0.844687  \n",
       "FGA   0.482227  0.469553  0.264415  0.094237  0.013656  0.335417  0.552078  \n",
       "FGP  -0.159667  0.567209  0.115858  0.062885  0.032326  0.070499  0.664525  \n",
       "TP   -0.208753 -0.058553 -0.080939 -0.088313 -0.278003 -0.157905  0.066088  \n",
       "TPA  -0.164787 -0.212537 -0.108574 -0.093788 -0.286712 -0.154606 -0.111820  \n",
       "TPP  -0.259440  0.005497 -0.033432 -0.063069 -0.253492 -0.004467  0.120827  \n",
       "FT    0.092912  0.013531  0.052604  0.006316 -0.068955  0.157032  0.350687  \n",
       "FTA   0.100164 -0.005847  0.029505 -0.017491 -0.034781  0.177729  0.272145  \n",
       "FTP  -0.007112  0.053833  0.035903  0.076228 -0.117516 -0.047526  0.246381  \n",
       "ORB   0.659030  0.084287  0.147484  0.070145  0.297691  0.190207  0.114342  \n",
       "DRB   0.699351  0.123439 -0.010374  0.298695  0.069657 -0.182402  0.155648  \n",
       "TRB   1.000000  0.153539  0.097904  0.275604  0.265956 -0.001236  0.199382  \n",
       "AST   0.153539  1.000000  0.263729  0.136605  0.043129  0.140289  0.679569  \n",
       "STL   0.097904  0.263729  1.000000 -0.022209  0.105192  0.040965  0.249922  \n",
       "BLK   0.275604  0.136605 -0.022209  1.000000  0.137376  0.018482  0.086073  \n",
       "TOV   0.265956  0.043129  0.105192  0.137376  1.000000  0.092530 -0.087655  \n",
       "PF   -0.001236  0.140289  0.040965  0.018482  0.092530  1.000000  0.294390  \n",
       "PTS   0.199382  0.679569  0.249922  0.086073 -0.087655  0.294390  1.000000  \n",
       "\n",
       "[23 rows x 23 columns]"
      ]
     },
     "execution_count": 19,
     "metadata": {},
     "output_type": "execute_result"
    }
   ],
   "source": [
    "#checking the variables to find the ones that help the team win the most before changing Win/Loss and Home/Away values\n",
    "nbaRunnerUp.corr()\n",
    "nbaChampion.corr()"
   ]
  },
  {
   "cell_type": "code",
   "execution_count": 20,
   "id": "92330b68",
   "metadata": {},
   "outputs": [
    {
     "name": "stdout",
     "output_type": "stream",
     "text": [
      " \n",
      "***\n",
      " \n",
      "90\n",
      "21\n",
      "66\n",
      "43\n",
      "220\n",
      " \n",
      "***\n",
      " \n",
      "Home win pct: 0.8108108108108109\n",
      "Home loss pct: 0.1891891891891892\n",
      "Away win pct: 0.6055045871559633\n",
      "Away loss pct: 0.3944954128440367\n",
      "1.0\n",
      "1.0\n",
      " \n",
      "***\n",
      " \n",
      "43\n",
      "66\n",
      "20\n",
      "91\n",
      "220\n",
      " \n",
      "***\n",
      " \n",
      "2nd Home win pct: 0.3944954128440367\n",
      "2nd Home loss pct: 0.6055045871559633\n",
      "2nd Away win pct: 0.18018018018018017\n",
      "2nd Away loss pct: 0.8198198198198198\n",
      "1.0\n",
      "1.0\n"
     ]
    }
   ],
   "source": [
    "nbaChampion['Win'] = nbaChampion['Win'].replace([1], 'Win')\n",
    "nbaChampion['Win'] = nbaChampion['Win'].replace([0], 'Loss')\n",
    "\n",
    "nbaChampion['Home'] = nbaChampion['Home'].replace([1], 'Home')\n",
    "nbaChampion['Home'] = nbaChampion['Home'].replace([0], 'Away')\n",
    "\n",
    "nbaRunnerUp['Win'] = nbaRunnerUp['Win'].replace([1], 'Win')\n",
    "nbaRunnerUp['Win'] = nbaRunnerUp['Win'].replace([0], 'Loss')\n",
    "\n",
    "nbaRunnerUp['Home'] = nbaRunnerUp['Home'].replace([1], 'Home')\n",
    "nbaRunnerUp['Home'] = nbaRunnerUp['Home'].replace([0], 'Away')\n",
    "\n",
    "#############################\n",
    "print(\" \")\n",
    "print(\"***\")\n",
    "print(\" \")\n",
    "#############################\n",
    "\n",
    "#Getting the counts\n",
    "h_w = 0\n",
    "for index, row in nbaChampion.iterrows():\n",
    "    if row[3] == \"Win\":\n",
    "        if row[4] == \"Home\":\n",
    "            h_w = h_w + 1\n",
    "            \n",
    "print(h_w)\n",
    "\n",
    "h_l = 0\n",
    "for index, row in nbaChampion.iterrows():\n",
    "    if row[3] == \"Loss\":\n",
    "        if row[4] == \"Home\":\n",
    "            h_l = h_l + 1\n",
    "            \n",
    "print(h_l) \n",
    "\n",
    "a_w = 0\n",
    "for index, row in nbaChampion.iterrows():\n",
    "    if row[3] == \"Win\":\n",
    "        if row[4] == \"Away\":\n",
    "            a_w = a_w + 1\n",
    "            \n",
    "print(a_w) \n",
    "\n",
    "a_l = 0\n",
    "for index, row in nbaChampion.iterrows():\n",
    "    if row[3] == \"Loss\":\n",
    "        if row[4] == \"Away\":\n",
    "            a_l = a_l + 1\n",
    "\n",
    "print(a_l)\n",
    "\n",
    "print(h_w + h_l + a_w + a_l)\n",
    "\n",
    "\n",
    "#############################\n",
    "print(\" \")\n",
    "print(\"***\")\n",
    "print(\" \")\n",
    "#############################\n",
    "\n",
    "\n",
    "h_w = h_w/111\n",
    "h_l = h_l/111\n",
    "a_w = a_w/109\n",
    "a_l = a_l/109\n",
    "\n",
    "print(\"Home win pct: \" + str(h_w))\n",
    "print(\"Home loss pct: \" + str(h_l))\n",
    "print(\"Away win pct: \" + str(a_w))\n",
    "print(\"Away loss pct: \" + str(a_l))\n",
    "print(h_w + h_l) \n",
    "print(a_w + a_l)\n",
    "\n",
    "\n",
    "#############################\n",
    "print(\" \")\n",
    "print(\"***\")\n",
    "print(\" \")\n",
    "#############################\n",
    "\n",
    "\n",
    "#Getting the 2nd place counts\n",
    "h_w2 = 0\n",
    "for index, row in nbaRunnerUp.iterrows():\n",
    "    if row[3] == \"Win\":\n",
    "        if row[4] == \"Home\":\n",
    "            h_w2 = h_w2 + 1\n",
    "            \n",
    "print(h_w2)\n",
    "\n",
    "h_l2 = 0\n",
    "for index, row in nbaRunnerUp.iterrows():\n",
    "    if row[3] == \"Loss\":\n",
    "        if row[4] == \"Home\":\n",
    "            h_l2 = h_l2 + 1\n",
    "            \n",
    "print(h_l2) \n",
    "\n",
    "a_w2 = 0\n",
    "for index, row in nbaRunnerUp.iterrows():\n",
    "    if row[3] == \"Win\":\n",
    "        if row[4] == \"Away\":\n",
    "            a_w2 = a_w2 + 1\n",
    "            \n",
    "print(a_w2) \n",
    "\n",
    "a_l2 = 0\n",
    "for index, row in nbaRunnerUp.iterrows():\n",
    "    if row[3] == \"Loss\":\n",
    "        if row[4] == \"Away\":\n",
    "            a_l2 = a_l2 + 1\n",
    "\n",
    "print(a_l2)\n",
    "\n",
    "print(h_w2 + h_l2 + a_w2 + a_l2)\n",
    "\n",
    "#############################\n",
    "print(\" \")\n",
    "print(\"***\")\n",
    "print(\" \")\n",
    "#############################\n",
    "\n",
    "\n",
    "h_w2 = h_w2/109\n",
    "h_l2 = h_l2/109\n",
    "a_w2 = a_w2/111\n",
    "a_l2 = a_l2/111\n",
    "\n",
    "print(\"2nd Home win pct: \" + str(h_w2))\n",
    "print(\"2nd Home loss pct: \" + str(h_l2))\n",
    "print(\"2nd Away win pct: \" + str(a_w2))\n",
    "print(\"2nd Away loss pct: \" + str(a_l2))\n",
    "print(h_w2 + h_l2) \n",
    "print(a_w2 + a_l2)\n",
    "\n"
   ]
  },
  {
   "cell_type": "code",
   "execution_count": 58,
   "id": "de13d6ad",
   "metadata": {},
   "outputs": [
    {
     "data": {
      "text/plain": [
       "[None, None]"
      ]
     },
     "execution_count": 58,
     "metadata": {},
     "output_type": "execute_result"
    },
    {
     "data": {
